14127482293
14127482293
14127482293
14127482293
14127482293
14127482293
14127482293
14127482293
14127482293
14127482293
14127482293
14127482293
14127482293
14127482293
14127482293
14127482293
14127482293
14127482293
14127482293
14127482293
14127482293
14127482293
14127482293
14127482293
14127482293
14127482293
14127482293
14127482293
14127482293
14127482293
14127482293
14127482293
14127482293
14127482293
14127482293
14127482293
14127482293
14127482293
14127482293
14127482293
14127482293
14127482293
14127482293
14127482293
14127482293
14127482293
14127482293
14127482293
14127482293
14127482293
14127482293
14127482293
14127482293
14127482293
